11 15 15 15 15 15 15 15 15 15 15 15 15 15 15 15 15 15 15 15 15 15 15 15 13
16 00 00 00 00 00 00 00 00 00 00 00 16 00 00 00 00 00 00 00 00 00 00 00 16
16 00 11 15 15 13 00 11 15 15 13 00 16 00 11 15 15 13 00 11 15 15 13 00 16
16 00 12 15 15 14 00 12 15 15 14 00 16 00 12 15 15 14 00 12 15 15 14 00 16
16 00 00 00 00 00 00 00 00 00 00 00 00 00 00 00 00 00 00 00 00 00 00 00 16
16 00 19 15 15 20 00 00 18 00 19 15 15 15 15 15 20 00 18 00 11 15 13 00 16
16 00 00 00 00 00 00 00 16 00 00 00 00 16 00 00 00 00 16 00 16 01 16 00 16
16 00 11 15 15 15 13 00 16 15 15 20 00 16 00 19 15 15 16 00 16 01 16 00 16
16 00 16 01 01 01 16 00 16 00 00 00 00 00 00 00 00 00 16 00 16 01 16 00 16
16 00 16 01 01 01 16 00 16 00 02 02 02 05 02 02 02 00 16 00 16 01 16 00 16
16 00 16 01 01 01 16 00 16 00 02 01 01 01 01 01 02 00 16 00 16 01 16 00 16
16 00 12 15 15 15 14 00 17 00 02 01 01 01 01 01 02 00 17 00 12 15 14 00 16
00 00 00 00 00 00 00 00 00 00 02 01 01 01 01 01 02 00 00 00 00 00 00 00 00
16 11 15 15 15 15 13 00 18 00 02 02 02 02 02 02 02 00 18 00 11 15 13 00 16
16 16 01 01 01 01 16 00 16 00 00 00 00 00 00 00 00 00 16 00 16 01 16 00 16
16 12 15 15 15 15 14 00 17 00 19 15 15 15 15 15 20 00 17 00 12 15 14 00 16
16 00 00 00 00 00 00 00 00 00 00 00 00 17 00 00 00 00 00 00 00 00 00 00 16
16 00 19 15 15 13 00 19 15 15 15 20 00 00 00 19 15 15 15 20 00 11 10 00 16
16 00 00 00 00 16 00 00 00 00 00 00 00 16 00 00 00 00 00 00 00 16 00 00 16
16 15 15 13 00 16 00 18 00 19 15 15 15 15 15 20 00 00 00 18 00 17 00 15 16
16 15 15 14 00 17 00 16 00 16 00 00 16 00 00 00 00 00 00 00 00 00 00 00 16
16 00 00 00 00 00 00 16 00 00 00 00 16 00 00 00 00 00 00 00 00 00 00 00 16
16 00 19 15 15 15 15 15 15 15 20 00 17 00 00 00 00 00 00 00 00 00 00 00 16
16 00 00 00 00 00 00 00 00 00 00 00 00 00 00 00 00 00 00 00 00 00 00 00 16
12 15 15 15 15 15 15 15 15 15 15 15 15 15 15 15 15 15 15 15 15 15 15 15 14