11 15 15 15 15 15 15 15 15 15 15 15 15 15 15 13 01 11 15 15 15 15 15 15 15 15 15 15 15 15 15 15 13 
16 00 00 00 00 00 00 00 00 00 00 00 00 00 00 16 01 16 00 00 00 00 00 00 00 00 00 00 00 00 00 00 16 
16 00 11 15 15 15 13 00 11 15 15 15 15 13 00 16 01 16 00 11 15 15 15 15 13 00 11 15 15 15 13 00 16 
16 09 16 01 01 01 16 00 16 01 01 01 01 16 00 16 01 16 00 16 01 01 01 01 16 00 16 01 01 01 16 09 16 
16 00 12 15 15 15 14 00 12 15 15 15 15 14 00 12 15 14 00 12 15 15 15 15 14 00 12 15 15 15 14 00 16 
16 00 00 00 00 00 00 00 00 00 00 00 00 00 00 00 00 00 00 00 00 00 00 00 00 00 00 00 00 00 00 00 16 
16 00 11 15 15 15 13 00 11 15 13 00 11 15 15 15 15 15 15 15 13 00 11 15 13 00 11 15 15 15 13 00 16 
16 00 16 01 01 01 16 00 16 01 16 00 16 01 01 01 01 01 01 01 16 00 16 01 16 00 16 01 01 01 16 00 16
16 00 12 15 15 15 14 00 16 01 16 00 12 15 15 13 01 11 15 15 14 00 16 01 16 00 12 15 15 15 14 00 16 
16 00 00 00 00 00 00 00 16 01 16 00 00 00 00 16 01 16 00 00 00 00 16 01 16 00 00 00 00 00 00 00 16 
12 15 15 15 15 15 13 00 16 01 12 15 15 13 00 16 01 16 00 11 15 15 14 01 16 00 11 15 15 15 15 15 14 
01 01 01 01 01 01 16 00 16 01 01 01 01 16 00 16 01 16 00 16 01 01 01 01 16 00 16 01 01 01 01 01 01
01 01 01 01 01 01 16 00 16 01 11 15 15 14 00 12 15 14 00 12 15 15 13 01 16 00 16 01 01 01 01 01 01 
01 01 01 01 01 01 16 00 16 01 16 00 00 00 00 00 00 00 00 00 00 00 16 01 16 00 16 01 01 01 01 01 01 
01 01 01 01 01 01 16 00 16 01 16 00 11 15 15 15 05 15 15 15 13 00 16 01 16 00 16 01 01 01 01 01 01 
15 15 15 15 15 15 14 00 12 15 14 00 16 04 04 04 04 04 04 04 16 00 12 15 14 00 12 15 15 15 15 15 15 
99 00 00 00 00 00 00 00 00 00 00 00 16 04 04 04 04 04 04 04 16 00 00 00 00 00 00 00 00 00 00 00 98
15 15 15 15 15 15 13 00 11 15 13 00 16 04 04 04 04 04 04 04 16 00 11 15 13 00 11 15 15 15 15 15 15 
01 01 01 01 01 01 16 00 16 01 16 00 12 15 15 15 15 15 15 15 14 00 16 01 16 00 16 01 01 01 01 01 01 
01 01 01 01 01 01 16 00 16 01 16 00 00 00 00 00 00 00 00 00 00 00 16 01 16 00 16 01 01 01 01 01 01 
01 01 01 01 01 01 16 00 16 01 16 00 11 15 15 15 15 15 15 15 13 00 16 01 16 00 16 01 01 01 01 01 01
01 01 01 01 01 01 16 00 16 01 16 00 16 01 01 01 01 01 01 01 16 00 16 01 16 00 16 01 01 01 01 01 01 
11 15 15 15 15 15 14 00 12 15 14 00 12 15 15 13 01 11 15 15 14 00 12 15 14 00 12 15 15 15 15 15 13 
16 00 00 00 00 00 00 00 00 00 00 00 00 00 00 16 01 16 00 00 00 00 00 00 00 00 00 00 00 00 00 00 16 
16 00 11 15 15 15 13 00 11 15 15 15 15 13 00 16 01 16 00 11 15 15 15 15 13 00 11 15 15 15 13 00 16
16 00 16 01 01 01 16 00 16 01 01 01 01 16 00 16 01 16 00 16 01 01 01 01 16 00 16 01 01 01 16 00 16
16 00 12 15 13 01 16 00 12 15 15 15 15 14 00 12 15 14 00 12 15 15 15 15 14 00 16 01 11 15 14 00 16 
16 09 00 00 16 01 16 00 00 00 00 00 00 00 00 00 00 00 00 00 00 00 00 00 00 00 16 01 16 00 00 09 16 
12 15 13 00 16 01 16 00 11 15 13 00 11 15 15 15 15 15 15 15 13 00 11 15 13 00 16 01 16 00 11 15 14
01 01 16 00 16 01 16 00 16 01 16 00 16 01 01 01 01 01 01 01 16 00 16 01 16 00 16 01 16 00 16 01 01 
11 15 14 00 12 15 14 00 16 01 16 00 12 15 15 13 01 11 15 15 14 00 16 01 16 00 12 15 14 00 12 15 13 
16 00 00 00 00 00 00 00 16 01 16 00 00 00 00 16 01 16 00 00 00 00 16 01 16 00 00 00 00 00 00 00 16 
16 00 11 15 15 15 15 15 14 01 12 15 15 13 00 16 01 16 00 11 15 15 14 01 12 15 15 15 15 15 13 00 16 
16 00 16 01 01 01 01 01 01 01 01 01 01 16 00 16 01 16 00 16 01 01 01 01 01 01 01 01 01 01 16 00 16
16 00 12 15 15 15 15 15 15 15 15 15 15 14 00 12 15 14 00 12 15 15 15 15 15 15 15 15 15 15 14 00 16 
16 00 00 00 00 00 00 00 00 00 00 00 00 00 00 00 00 00 00 00 00 00 00 00 00 00 00 00 00 00 00 00 16 
12 15 15 15 15 15 15 15 15 15 15 15 15 15 15 15 15 15 15 15 15 15 15 15 15 15 15 15 15 15 15 15 14 